2023 10 01 08 37 14707
3 4

2023 10 02 14 22 14708
5 6
8 3

2023 10 05 09 45 14709
1 9
4 6

2023 10 07 12 53 14710
2 8

2023 10 10 19 11 14711
6 3
8 2

2023 10 14 15 28 14712
1 5

2023 10 18 11 36 14713
2 6
5 9

2023 10 21 18 44 14714
1 7
3 2

2023 10 24 21 02 14715
6 6
8 1

2023 10 27 10 19 14716
5 6
7 3

2023 10 29 08 37 14717
1 3
4 7

2023 11 01 16 55 14718
6 3

2023 11 05 13 13 14719
1 9
2 2
5 6

2023 11 08 17 30 14720
4 8
8 1

2023 11 11 20 48 14721
2 5

2023 11 14 06 06 14722
5 2
9 4

2023 11 17 23 24 14723
1 7

2023 11 20 04 42 14724
2 3
7 6

2023 11 23 02 00 14725
8 3

2023 11 26 21 18 14726
3 1
6 7

2023 11 29 13 36 14727
2 2
4 9

2023 12 02 08 54 14728
3 7

2023 12 05 06 12 14729
6 3
9 7

2023 12 08 22 30 14730
7 6

2023 12 11 18 48 14731
3 6

2023 12 14 15 06 14732
2 7
5 4

2023 12 17 11 24 14733
1 6

2023 12 20 07 42 14734
3 9

2023 12 23 04 00 14735
5 7
10 3

2023 12 26 00 18 14736
4 8
9 5

2023 12 29 19 36 14737
6 2
8 4

2024 01 01 15 54 14738
2 5
5 1
10 6

2024 01 04 12 12 14739
4 6
7 9

2024 01 07 08 30 14740
3 4
6 6

2024 01 10 04 48 14741
2 9

2024 01 13 01 06 14742
4 8
10 2

2024 01 16 21 24 14743
2 1
3 7

2024 01 19 17 42 14744
1 2
5 8

2024 01 22 14 00 14745
4 6
8 1

2024 01 25 10 18 14746
2 7

2024 01 28 06 36 14747
1 9
4 2
7 5

2023 12 14 14 43 26807
8 1
